function[XYZ,D,KOTEI,KAKOM,T,ROW,NFREE]=DATAIN2
XYZ=[0 7 0;0 4.5 0;0 1.5 0;0 0 0;
    2.5 5.75 0; 2.5 3 0;2.5 0 0;
    5 4.5 0;5 2 0;5 0 0; 7.5 3.25 0;7.5 0 0;
    10 2 0;10 0 0];
KAKOM=[1 2 5;2 6 5;2 3 6;3 7 6;3 4 7;
    5 6 8;6 9 8;6 7 9;7 10 9;
   8 9 11;9 12 11;9 10 12;11 12 13;12 14 13];
KOTEI=[1 1 1 1;2 1 1 1;3 1 1 1;4 1 1 1];
E=7.0E10;PO=0.3;T=0.3;ROW=3000;NFREE=0;
D1=1.0/E;D3=-PO*D1;D4=2*(1+PO)/E;D=[D1 D1 D3 D4 D4 D4];
